1
1.3127816096756368
[0, 3, 0.14285714285714285, 1.4864410034108086, 0.2857142857142857, 0.8216653430905478, 0.42857142857142855, 0.4047730822958274, 0.5714285714285714, 0.48082844854126305, 0.7142857142857142, 0.5019974032760791, 0.8571428571428571, 0.7130064180318254, 1.0, 0.9818428358225065, 1.1428571428571428, 1.1572124535909292, 1.2857142857142856, 1.2564504370082257, 1.4285714285714284, 1.2587412053882208, 1.5714285714285714, 1.1507291203560157, 1.7142857142857142, 0.9686684078903822, 1.857142857142857, 0.6803582197340604, 2.0, 0.5786688655755673, 2.142857142857143, 0.5077828267728753, 2.2857142857142856, 0.3389338602357136, 2.4285714285714284, 0.25765398466849676, 2.571428571428571, 0.3691474973748329, 2.714285714285714, 0.4910679548480835, 2.8571428571428568, 0.7333394818256807, 3, 1]
[2.349756553254386, 2.349756553254386, 2.0443997207757185, 1.998546277896351, 1.947373336503307, 1.8621889862891952, 1.8621889862891952, 1.7651626020167834, 1.7570811135097333, 1.7317248407146233, 1.634698456442211, 1.517070387422338, 1.5120300482847322, 1.5120300482847322, 1.4989839763551371, 1.4769303649081789, 1.458843953840978, 1.458308591897878, 1.4496969145278942, 1.4491615525847945, 1.4476770687915779, 1.4449765776434946, 1.4429509912454055, 1.432682411607896, 1.4318777036940187, 1.4214056488781717, 1.4139140789239042, 1.40208993067122, 1.40208993067122, 1.3945983607169525, 1.3945983607169525, 1.3907356861442044, 1.3769463092622125, 1.3662302860852111, 1.364515628558802, 1.3558171507199634, 1.353003143487514, 1.347249144589301, 1.339625624080358, 1.3320297204343754, 1.3310576179496953, 1.3310576179496953, 1.3212338939793469, 1.3212338939793469, 1.3212338939793469, 1.320159770082006, 1.314232304929058, 1.314232304929058, 1.3139736140954443, 1.3127816096756368]
[3.793527383167914, 3.0844205883205933, 2.719411974096338, 2.4133372809924882, 2.2470392086420468, 2.172638871958025, 2.035184553799604, 1.9707478583749503, 1.9289384193271966, 1.8398861909595856, 1.7952008628305978, 1.8106699030329725, 1.7029567675806314, 1.6410763348855988, 1.5927854942214776, 1.5432884395461952, 1.5815387583979177, 1.523526356997005, 1.544854390619472, 1.56433516154512, 1.517640670145712, 1.531924840173045, 1.486832321437675, 1.5602296604011847, 1.483678725939288, 1.5138560505667655, 1.4962258602306917, 1.4864184047733195, 1.4852697036749714, 1.503207922009483, 1.4697450043589004, 1.4912313756571367, 1.4525513694955274, 1.44143671703553, 1.4590033311928758, 1.4140648491186953, 1.4208526935141959, 1.4062762452405093, 1.4316776110744762, 1.41999271199862, 1.395758053019848, 1.3848359449591354, 1.3996989366394632, 1.4369780524728926, 1.4053933467443074, 1.4118606581411046, 1.4123319104818919, 1.3853034897842615, 1.4163469400654378, 1.3558493520693127]
[4.794163088421373, 3.962796586119401, 3.262282022098219, 2.874242913174922, 2.794133379876124, 2.9043272889291156, 2.5890631548653857, 2.642127739682315, 2.723996747654119, 2.136935635022615, 2.1900385534628177, 2.3467863184964712, 2.3516066243988907, 2.4796058587794683, 2.2902353233460047, 2.0111756867308683, 2.2875230515290563, 1.9965172883524942, 2.4764020007936804, 2.3908086173027088, 2.176516980787817, 2.365662263831584, 1.980581714994896, 2.3907753664081643, 1.9360562314501601, 2.3472620095446435, 2.1785156423910705, 2.113525992944182, 2.251906271193287, 2.284310381877802, 2.171392109910937, 2.189393108222205, 2.113024922464462, 1.9084038812889055, 2.131617416406139, 1.9615318265470523, 2.0064591225623443, 1.9276570963810002, 2.106314419391827, 2.013328947167626, 2.061030697470982, 2.0128990426491637, 2.044815953115039, 2.1011722996237747, 2.308797613749268, 2.207233118907309, 2.1374396399767397, 1.9964030188128192, 2.105015767971494, 1.837648901966549]
[0.42015922893380186, 0.23639204999140881, 0.19755851951246739, 0.11627457578082358, 0.097518165872344548, 0.12484258476727099, 0.075389982834531161, 0.06596790659588557, 0.069165797082919547, 0.048782911990455681, 0.04856001120826451, 0.10088016021608186, 0.072032710561569804, 0.06777150484152282, 0.060060208410451253, 0.029867276368976604, 0.070178998759102926, 0.034240377711793453, 0.067432076840805905, 0.089046454435874278, 0.055881454882224423, 0.070768475769604308, 0.034474913034448412, 0.095145321604111169, 0.035582559447601532, 0.067267051425160415, 0.057758490133707145, 0.055839433463612205, 0.061735294736023773, 0.078101699985723749, 0.057002497591813001, 0.07894151055061023, 0.052059385949022083, 0.044590901309138835, 0.063683411883297777, 0.035039628138219557, 0.048161915075489045, 0.040184559732815213, 0.066308218374413669, 0.063293445919683694, 0.045827566797005372, 0.044207727811233576, 0.059324467679242356, 0.091486860432560949, 0.067586904289574021, 0.0769027077622709, 0.078581988497842536, 0.056671719682173056, 0.082217306106387583, 0.034990955353109317]

2
1.0878119078188364
[0, 3, 0.14285714285714285, 2.4938857138153203, 0.2857142857142857, 2.097343088964158, 0.42857142857142855, 1.7823404688629962, 0.5714285714285714, 1.6751063402568156, 0.7142857142857142, 1.5772936773138557, 0.8571428571428571, 1.4286644424480288, 1.0, 1.161033505822449, 1.1428571428571428, 1.0771587144383779, 1.2857142857142856, 0.9243678336596741, 1.4285714285714284, 0.9666646894019859, 1.5714285714285714, 0.9844574927593874, 1.7142857142857142, 0.9654231898449579, 1.857142857142857, 1.0796917762417229, 2.0, 0.7981959199730034, 2.142857142857143, 0.7063409812455592, 2.2857142857142856, 0.6307719111861783, 2.4285714285714284, 0.5834068514752325, 2.571428571428571, 0.5069610176813144, 2.714285714285714, 0.6161450968408008, 2.8571428571428568, 0.8628071399515003, 3, 1]
[2.964691244477003, 2.526771327488375, 2.209247179708549, 2.03938009502806, 1.9060735573572916, 1.752812301165746, 1.682024231344692, 1.6146775770994404, 1.5764380227238683, 1.5645250274293476, 1.4176163433786273, 1.4176163433786273, 1.4109670103380978, 1.4109670103380978, 1.2655360343704651, 1.2655360343704651, 1.2652793049659699, 1.246469022348757, 1.2426892031190984, 1.2094664326552882, 1.1900774003742984, 1.1900774003742984, 1.1898206709698032, 1.1868441853829101, 1.1707620256779594, 1.1707620256779594, 1.1675288106865709, 1.1675288106865709, 1.1672720812820756, 1.1672720812820756, 1.1672720812820756, 1.160894741137893, 1.160894741137893, 1.159958258778522, 1.158804392326047, 1.1554677187959468, 1.1545312364365758, 1.152265524523471, 1.152265524523471, 1.1301015468698823, 1.116763822760396, 1.115827340401025, 1.1147458144772486, 1.0969294460434478, 1.0969294460434478, 1.0969294460434478, 1.0878119078188364, 1.0878119078188364, 1.0878119078188364, 1.0878119078188364]
[3.7223638512425925, 3.253368770085522, 2.932824667535028, 2.581105996885611, 2.3253159516714432, 2.097101268439747, 2.0144564105051743, 1.863605356329856, 1.7428074059317529, 1.7062960443242015, 1.6412313045559896, 1.6790755048197838, 1.5958033829422567, 1.5350147662372473, 1.481429833314344, 1.4639090228853753, 1.3795730134594828, 1.3412994068972008, 1.33224075703114, 1.3217390928578792, 1.2704234689689577, 1.3075879818204572, 1.2905048515449866, 1.2353857889394662, 1.2308199703787925, 1.2705687216624495, 1.2450839856612053, 1.2547358294566258, 1.2530354984219207, 1.221201535271737, 1.201793322602013, 1.2049361674432562, 1.2139891652943353, 1.2326701910354398, 1.2481323537202167, 1.227237500372839, 1.2539167658375125, 1.2258368501148171, 1.2504478289877041, 1.2121327822922754, 1.2051887058673438, 1.1855202194508623, 1.1993863419086253, 1.191409904787096, 1.1433346265188962, 1.2008187320493957, 1.1967103072960057, 1.1743883395806713, 1.1779605180519273, 1.1595273620895699]
[4.4525112827148945, 3.926391925414464, 3.4767050458039965, 3.0297461553553275, 2.9955384770933757, 2.5546053748694932, 2.600588988282125, 2.3839076637504992, 2.248992652292517, 2.3866275862841553, 2.1881993922751155, 2.2954317153130317, 2.3279596114757135, 2.180597665369846, 2.0211772593480215, 2.0507287330653856, 1.6644719762695797, 1.9082062452379858, 1.9717425064049556, 2.0019533973430024, 1.6046340900506277, 1.870715435377739, 2.041433769950399, 1.7712714318171383, 1.908323487238489, 2.1432453355105947, 1.9943779469036707, 1.8601738995479535, 2.005253022678564, 1.7138437242762081, 1.7111034199373722, 1.5937297566342092, 1.6476808971361407, 1.8057033299322116, 1.9031795296441012, 1.8902294741565198, 1.9774195111816635, 1.707970340908685, 1.8455641971669534, 1.6655818500146558, 1.9245057459815487, 1.7011840152567863, 1.7477983726792574, 1.7115960332665723, 1.428736464395305, 1.9236225765673283, 1.7687412045723203, 1.685504288945951, 1.8775718551263998, 1.7156125504241424]
[0.26604196575729322, 0.21809616404710924, 0.21321029242909884, 0.17742463656423263, 0.14978253422619481, 0.089686902456500503, 0.11393419426873433, 0.096544881623312137, 0.073035400107542822, 0.076914168087779733, 0.051845523579659117, 0.10473833099738607, 0.079343241004960652, 0.072797357101668514, 0.057049637897284504, 0.068275252147381685, 0.060536021023420913, 0.06252513588139326, 0.060103454626988143, 0.05717372054429188, 0.026595235470467476, 0.071649473434418548, 0.074540933986184832, 0.038754370929701742, 0.038046751834418691, 0.071937055573719141, 0.057976980328226076, 0.069780120712320967, 0.070902402530636996, 0.046472541612604758, 0.03099966678083978, 0.03394418409113701, 0.041600162631348969, 0.058798089840795167, 0.069832005624665947, 0.058963775945586799, 0.079511710454471543, 0.058630851836963961, 0.078518029320817459, 0.050576147590916366, 0.049817163615872538, 0.039578568633692496, 0.059269863507064133, 0.059828923249502286, 0.025525472842417848, 0.077315961052027232, 0.080811952142145066, 0.065520823053566032, 0.070406626027217659, 0.055926577145130101]

3
1.151179940233967
[0, 3, 0.14285714285714285, 2.368222346137579, 0.2857142857142857, 1.8581636529260903, 0.42857142857142855, 1.5989593401871318, 0.5714285714285714, 1.4443851810488693, 0.7142857142857142, 1.0748338980225096, 0.8571428571428571, 0.7918360961780996, 1.0, 0.4724143088893896, 1.1428571428571428, 0.1257334480742598, 1.2857142857142856, 0.14716618940955473, 1.4285714285714284, 0.08882825264761696, 1.5714285714285714, 0.1329855429141139, 1.7142857142857142, 0.2421448051519386, 1.857142857142857, 0.4053923538009657, 2.0, 0.5497876492259479, 2.142857142857143, 0.6086208367080309, 2.2857142857142856, 0.5805034562335247, 2.4285714285714284, 0.7025385543038754, 2.571428571428571, 0.654005845780754, 2.714285714285714, 0.5926055131666585, 2.8571428571428568, 0.8531556553727321, 3, 1]
[2.4198503715733826, 2.2468923588758005, 2.0829056920254274, 1.9417624478353144, 1.9393508435282831, 1.7962690991991437, 1.7748971049904867, 1.6022938862404301, 1.5574603885653828, 1.5574603885653828, 1.4466654138994175, 1.4466654138994175, 1.4425263488862965, 1.3444848140994676, 1.3444848140994676, 1.342123122368615, 1.3103441910591542, 1.267790326687171, 1.2543185072390501, 1.2543185072390501, 1.246208460672841, 1.2458495095451316, 1.2329208816312358, 1.2307434303068983, 1.2244518839373169, 1.2244518839373169, 1.2054814898120907, 1.2054814898120907, 1.2031273444937087, 1.2027557731833072, 1.2027557731833072, 1.1998890690600796, 1.1998890690600796, 1.1982684332218208, 1.1982684332218208, 1.1964755181484845, 1.195509816306901, 1.195509816306901, 1.1951545714323462, 1.1941888695907625, 1.1941888695907625, 1.191716146026509, 1.191716146026509, 1.1720657055504529, 1.1720657055504529, 1.1695550784949693, 1.1695550784949693, 1.151217843725197, 1.151217843725197, 1.151179940233967]
[3.835941514212395, 3.2680024221828217, 2.78396520488247, 2.398845656450119, 2.234152733308231, 2.064884828226328, 1.9904985323690312, 1.9199982595535188, 1.7902280334761411, 1.7769332791829218, 1.6826073328954605, 1.630100816554033, 1.5501611710150203, 1.4859238873431122, 1.536835277427463, 1.5152625393158334, 1.4469452195585455, 1.4257803255586021, 1.3862309239713917, 1.3889207486735158, 1.3319994784102709, 1.3366592856693513, 1.315442237556077, 1.3681439554723238, 1.3182427020336025, 1.2784048666655972, 1.3318094620952206, 1.2889895288151232, 1.2950726640355819, 1.2445485719435063, 1.2528843154673177, 1.2778928903949849, 1.2511835529012136, 1.2520629935079917, 1.292677721023443, 1.2741756998251048, 1.2692072890362807, 1.310849866474486, 1.2509446118641894, 1.2738160559511662, 1.2713031952206604