1
1.4491615525847945
[0, 3, 0.14285714285714285, 0.902508873116568, 0.2857142857142857, 0.5264652346869889, 0.42857142857142855, 0.4047730822958274, 0.5714285714285714, 0.2964805630108821, 0.7142857142857142, 0.5019974032760791, 0.8571428571428571, 0.45345210114446943, 1.0, 0.9818428358225065, 1.1428571428571428, 1.2595869876158556, 1.2857142857142856, 1.4341089540962544, 1.4285714285714284, 1.5002657995855182, 1.5714285714285714, 1.4634095605762276, 1.7142857142857142, 0.9686684078903822, 1.857142857142857, 0.6803582197340604, 2.0, 0.5786688655755673, 2.142857142857143, 0.5320182710571899, 2.2857142857142856, 0.3389338602357136, 2.4285714285714284, 0.25765398466849676, 2.571428571428571, 0.22334999992252036, 2.714285714285714, 0.668541660626005, 2.8571428571428568, 0.7333394818256807, 3, 1]
[2.349756553254386, 2.349756553254386, 2.0443997207757185, 1.998546277896351, 1.947373336503307, 1.8621889862891952, 1.8621889862891952, 1.7651626020167834, 1.7570811135097333, 1.7317248407146233, 1.634698456442211, 1.517070387422338, 1.5120300482847322, 1.5120300482847322, 1.4989839763551371, 1.4769303649081789, 1.458843953840978, 1.458308591897878, 1.4496969145278942, 1.4491615525847945]
[3.793527383167914, 3.0844205883205933, 2.719411974096338, 2.4133372809924882, 2.2470392086420468, 2.172638871958025, 2.035184553799604, 1.9707478583749503, 1.9289384193271966, 1.8398861909595856, 1.7952008628305978, 1.8106699030329725, 1.7029567675806314, 1.6410763348855988, 1.5927854942214776, 1.5432884395461952, 1.5815387583979177, 1.523526356997005, 1.544854390619472, 1.56433516154512]
[4.794163088421373, 3.962796586119401, 3.262282022098219, 2.874242913174922, 2.794133379876124, 2.9043272889291156, 2.5890631548653857, 2.642127739682315, 2.723996747654119, 2.136935635022615, 2.1900385534628177, 2.3467863184964712, 2.3516066243988907, 2.4796058587794683, 2.2902353233460047, 2.0111756867308683, 2.2875230515290563, 1.9965172883524942, 2.4764020007936804, 2.3908086173027088]
[0.42015922893380186, 0.23639204999140881, 0.19755851951246739, 0.11627457578082358, 0.097518165872344548, 0.12484258476727099, 0.075389982834531161, 0.06596790659588557, 0.069165797082919547, 0.048782911990455681, 0.04856001120826451, 0.10088016021608186, 0.072032710561569804, 0.06777150484152282, 0.060060208410451253, 0.029867276368976604, 0.070178998759102926, 0.034240377711793453, 0.067432076840805905, 0.089046454435874278]

2
1.2094664326552882
[0, 3, 0.14285714285714285, 2.4938857138153203, 0.2857142857142857, 2.044065676885429, 0.42857142857142855, 1.7823404688629962, 0.5714285714285714, 1.6751063402568156, 0.7142857142857142, 1.5772936773138557, 0.8571428571428571, 1.5134853553013898, 1.0, 1.161033505822449, 1.1428571428571428, 0.6901059653673787, 1.2857142857142856, 0.7599352681140441, 1.4285714285714284, 0.9666646894019859, 1.5714285714285714, 1.2112405847212298, 1.7142857142857142, 1.187272106616216, 1.857142857142857, 1.0796917762417229, 2.0, 0.7920515751658781, 2.142857142857143, 0.7063409812455592, 2.2857142857142856, 0.7070349876572455, 2.4285714285714284, 0.5834068514752325, 2.571428571428571, 0.5069610176813144, 2.714285714285714, 0.494844742356359, 2.8571428571428568, 1.0488974643650502, 3, 1]
[2.964691244477003, 2.526771327488375, 2.209247179708549, 2.03938009502806, 1.9060735573572916, 1.752812301165746, 1.682024231344692, 1.6146775770994404, 1.5764380227238683, 1.5645250274293476, 1.4176163433786273, 1.4176163433786273, 1.4109670103380978, 1.4109670103380978, 1.2655360343704651, 1.2655360343704651, 1.2652793049659699, 1.246469022348757, 1.2426892031190984, 1.2094664326552882]
[3.7223638512425925, 3.253368770085522, 2.932824667535028, 2.581105996885611, 2.3253159516714432, 2.097101268439747, 2.0144564105051743, 1.863605356329856, 1.7428074059317529, 1.7062960443242015, 1.6412313045559896, 1.6790755048197838, 1.5958033829422567, 1.5350147662372473, 1.481429833314344, 1.4639090228853753, 1.3795730134594828, 1.3412994068972008, 1.33224075703114, 1.3217390928578792]
[4.4525112827148945, 3.926391925414464, 3.4767050458039965, 3.0297461553553275, 2.9955384770933757, 2.5546053748694932, 2.600588988282125, 2.3839076637504992, 2.248992652292517, 2.3866275862841553, 2.1881993922751155, 2.2954317153130317, 2.3279596114757135, 2.180597665369846, 2.0211772593480215, 2.0507287330653856, 1.6644719762695797, 1.9082062452379858, 1.9717425064049556, 2.0019533973430024]
[0.26604196575729322, 0.21809616404710924, 0.21321029242909884, 0.17742463656423263, 0.14978253422619481, 0.089686902456500503, 0.11393419426873433, 0.096544881623312137, 0.073035400107542822, 0.076914168087779733, 0.051845523579659117, 0.10473833099738607, 0.079343241004960652, 0.072797357101668514, 0.057049637897284504, 0.068275252147381685, 0.060536021023420913, 0.06252513588139326, 0.060103454626988143, 0.05717372054429188]

3
1.2543185072390501
[0, 3, 0.14285714285714285, 2.105517564680499, 0.2857142857142857, 1.6279971604045587, 0.42857142857142855, 1.1578577825267296, 0.5714285714285714, 1.1255711095292182, 0.7142857142857142, 1.0748338980225096, 0.8571428571428571, 0.7918360961780996, 1.0, 0.2877192228817327, 1.1428571428571428, 0.1257334480742598, 1.2857142857142856, 0.036460187060299964, 1.4285714285714284, 0.11835371339368517, 1.5714285714285714, 0.1329855429141139, 1.7142857142857142, 0.02721034883742568, 1.857142857142857, 0.4053923538009657, 2.0, 0.936280083839927, 2.142857142857143, 0.9078115886351068, 2.2857142857142856, 0.8251223067020462, 2.4285714285714284, 0.7850566231253776, 2.571428571428571, 0.654005845780754, 2.714285714285714, 0.5926055131666585, 2.8571428571428568, 0.6791830457123527, 3, 1]
[2.4198503715733826, 2.2468923588758005, 2.0829056920254274, 1.9417624478353144, 1.9393508435282831, 1.7962690991991437, 1.7748971049904867, 1.6022938862404301, 1.5574603885653828, 1.5574603885653828, 1.4466654138994175, 1.4466654138994175, 1.4425263488862965, 1.3444848140994676, 1.3444848140994676, 1.342123122368615, 1.3103441910591542, 1.267790326687171, 1.2543185072390501, 1.2543185072390501]
[3.835941514212395, 3.2680024221828217, 2.78396520488247, 2.398845656450119, 2.234152733308231, 2.064884828226328, 1.9904985323690312, 1.9199982595535188, 1.7902280334761411, 1.7769332791829218, 1.6826073328954605, 1.630100816554033, 1.5501611710150203, 1.4859238873431122, 1.536835277427463, 1.5152625393158334, 1.4469452195585455, 1.4257803255586021, 1.3862309239713917, 1.3889207486735158]
[4.759832555542442, 3.9730644537739854, 3.6276976377908134, 3.135750148885858, 2.904822053998918, 2.483071916719646, 2.62635902607466, 2.5491601304662352, 2.054897702318845, 2.607153480698117, 2.155002575818276, 2.2005405505182827, 1.9421455065840023, 1.7784125465719958, 2.23350489932533, 2.3298880616421616, 1.9702736832690686, 2.2145972647355268, 2.057755714153503, 2.0596325363433547]
[0.33624938091690071, 0.31940024423179025, 0.25218248369653817, 0.13061105351625665, 0.11850277210327285, 0.077361849927608001, 0.077212864843887327, 0.083968233820668245, 0.061933165179225459, 0.091735030201178305, 0.071289298041671237, 0.070330706489117711, 0.05100772464388386, 0.033213822716329784, 0.086208891614168601, 0.088496740898592663, 0.067496203217574546, 0.071690068868188475, 0.052613444499738239, 0.080267793607044002]

4
1.3240243132108058
[0, 3, 0.14285714285714285, 2.2503669296573108, 0.2857142857142857, 1.4206054462128486, 0.42857142857142855, 1.101148572859432, 0.5714285714285714, 1.1209469622263866, 0.7142857142857142, 1.4507678178055796, 0.8571428571428571, 1.1511194181048685, 1.0, 1.0040459963801354, 1.1428571428571428, 0.9544481977080301, 1.2857142857142856, 1.1091386021168295, 1.4285714285714284, 0.7603890248103528, 1.5714285714285714, 0.6750555152062723, 1.7142857142857142, 0.40677475463394885, 1.857142857142857, 0.46194276984462035, 2.0, 0.8087108178351542, 2.142857142857143, 1.0062712323549803, 2.2857142857142856, 1.079468229829492, 2.4285714285714284, 1.0622751406362754, 2.571428571428571, 1.0394906988505834, 2.714285714285714, 1.0097503043989704, 2.8571428571428568, 1.3138137344226908, 3, 1]
[2.728574254002811, 2.1750412145439393, 1.9401015846322014, 1.7677014582690755, 1.619962020590808, 1.6008191077513187, 1.6008191077513187, 1.5020342647168392, 1.5018171268767002, 1.488879029177873, 1.488879029177873, 1.4845915662349176, 1.4716534685360905, 1.4684402194821933, 1.4666033835703263, 1.4304601342886918, 1.419329713558659, 1.3731348191343402, 1.3622083517957622, 1.3240243132108058]
[3.7385846354674395, 3.082512825896253, 2.672670785558323, 2.3835140220308215, 2.1530187075283553, 1.993192893563087, 1.8838396702571147, 1.7292424392458496, 1.6482326590191467, 1.6155360890035706, 1.5879867225925912, 1.5547036420480638, 1.5710009795253104, 1.5602885703352507, 1.5400884612391288, 1.5319393533651868, 1.5241851549629803, 1.486290957140674, 1.491343864222063, 1.4563967369153963]
[4.76225402061873, 3.778131537318232, 3.312681563029096, 3.0428247274117783, 2.8067279686306037, 2.6720120269625536, 2.517359847151507, 2.274009993336113, 2.058840584912341, 2.343479771931653, 2.214204966225874, 2.2281724720963516, 2.071199522051743, 2.2177253006304927, 2.12103808552339, 2.084837323822181, 2.3250580178873115, 2.0703824727294196, 2.007957407743987, 2.1576798422784695]
[0.36727674607675997, 0.23746524657525658, 0.19586981921459901, 0.18296290665347142, 0.13685177426388687, 0.1140402274368449, 0.12639728288562152, 0.0871504704129136, 0.056281102632825965, 0.067019451437968461, 0.069049217132751806, 0.051373941356438239, 0.066652767628909315, 0.064496924054762664, 0.053947340224945496, 0.054611795551771508, 0.054482408644178762, 0.040292597780690366, 0.058634891588333918, 0.054644415575623675]

5
1.2585895447195998
[0, 3, 0.14285714285714285, 2.516531044089745, 0.2857142857142857, 2.3593226903972204, 0.42857142857142855, 2.273897271866642, 0.5714285714285714, 2.037865283683783, 0.7142857142857142, 1.8168680925000336, 0.8571428571428571, 1.8331062590571894, 1.0, 1.5637611850599331, 1.1428571428571428, 1.3931990108391719, 1.2857142857142856, 0.950750973908206, 1.4285714285714284, 0.7988741527493911, 1.5714285714285714, 1.177390586853043, 1.7142857142857142, 1.2344523906898992, 1.857142857142857, 1.2036358016962163, 2.0, 1.2242583736434782, 2.142857142857143, 1.030348913885991, 2.2857142857142856, 1.0734167292632297, 2.4285714285714284, 0.7295561568051077, 2.571428571428571, 0.3666002708810322, 2.714285714285714, 0.43426475743243254, 2.8571428571428568, 0.3866338960667558, 3, 1]
[2.824703747227845, 2.2697344796039216, 2.0572981093913545, 1.9377243240292348, 1.7514182630319484, 1.6955859282419194, 1.6275165498513116, 1.5695105250794554, 1.5277352239839963, 1.4776265572447467, 1.475485490902633, 1.4580068198401523, 1.4433563948004888, 1.4227225339683134, 1.315648895769128, 1.297800002982295, 1.297800002982295, 1.2960291583645334, 1.2781802655777006, 1.2585895447195998]
[3.7944445683844488, 3.2172663787221523, 2.8709700367437265, 2.446095311006063, 2.2092341043755424, 2.0764164369299594, 1.8996848457745923, 1.7950209051876627, 1.7380131955633926, 1.650691359132342, 1.6552751263888015, 1.5679345675271699, 1.5651308225455238, 1.558872246025305, 1.5108610300135978, 1.4687448913043888, 1.4321574983480017, 1.4122583239959274, 1.3337890278227824, 1.3511014088847961]
[4.895245712780156, 3.969962417043806, 3.48333842850365, 3.001808979904293, 2.6286853468020164, 2.828877624240177, 2.3998726791195657, 2.4010925913995673, 2.388582166397752, 2.0767337750113195, 2.4133544625434507, 2.1198132168390047, 2.2281933734445234, 2.283313957178169, 2.2455978987128957, 2.0213950424618474, 1.9791388316111835, 2.0307602505492692, 1.6771241399920453, 1.989337147082396]
[0.3266968438496915, 0.24359988393966625, 0.25275108605448038, 0.17920904601777743, 0.1229864023498482, 0.14219407284529681, 0.10630333616740852, 0.094477069690839938, 0.094579042292905216, 0.059136448565598229, 0.096008636519611695, 0.063970557717749926, 0.073797701428774773, 0.080440497532151142, 0.060979857131273858, 0.056585105938082303, 0.070070934519859657, 0.07858950954438533, 0.029436735548077363, 0.052537793911694226]

