1
1.7317248407146233
[0, 3, 0.14285714285714285, 0.8269894740885134, 0.2857142857142857, 0.17399677432412042, 0.42857142857142855, 0.4047730822958274, 0.5714285714285714, 0.2964805630108821, 0.7142857142857142, 0.0712910322809891, 0.8571428571428571, 0.45345210114446943, 1.0, 0.9818428358225065, 1.1428571428571428, 1.2595869876158556, 1.2857142857142856, 1.4341089540962544, 1.4285714285714284, 1.5002657995855182, 1.5714285714285714, 1.4634095605762276, 1.7142857142857142, 0.9686684078903822, 1.857142857142857, 0.6691250193095554, 2.0, 0.5786688655755673, 2.142857142857143, 0.5320182710571899, 2.2857142857142856, 0.3389338602357136, 2.4285714285714284, 0.25765398466849676, 2.571428571428571, 0.9787223517951792, 2.714285714285714, 1.5343595219129176, 2.8571428571428568, 0.8948542869970584, 3, 1]
[2.349756553254386, 2.349756553254386, 2.0443997207757185, 1.998546277896351, 1.947373336503307, 1.8621889862891952, 1.8621889862891952, 1.7651626020167834, 1.7570811135097333, 1.7317248407146233]
[3.793527383167914, 3.0844205883205933, 2.719411974096338, 2.4133372809924882, 2.2470392086420468, 2.172638871958025, 2.035184553799604, 1.9707478583749503, 1.9289384193271966, 1.8398861909595856]
[4.794163088421373, 3.962796586119401, 3.262282022098219, 2.874242913174922, 2.794133379876124, 2.9043272889291156, 2.5890631548653857, 2.642127739682315, 2.723996747654119, 2.136935635022615]
[0.42015922893380186, 0.23639204999140881, 0.19755851951246739, 0.11627457578082358, 0.097518165872344548, 0.12484258476727099, 0.075389982834531161, 0.06596790659588557, 0.069165797082919547, 0.048782911990455681]

2
1.5645250274293476
[0, 3, 0.14285714285714285, 2.4938857138153203, 0.2857142857142857, 2.044065676885429, 0.42857142857142855, 1.7823404688629962, 0.5714285714285714, 1.6751063402568156, 0.7142857142857142, 1.5772936773138557, 0.8571428571428571, 1.5134853553013898, 1.0, 1.6092144739417138, 1.1428571428571428, 0.6901059653673787, 1.2857142857142856, 0.7599352681140441, 1.4285714285714284, 1.3783770709133658, 1.5714285714285714, 1.8164963337809592, 1.7142857142857142, 1.187272106616216, 1.857142857142857, 0.39234288581913335, 2.0, 0.27142092108877547, 2.142857142857143, 0.7063409812455592, 2.2857142857142856, 0.7070349876572455, 2.4285714285714284, 0.5834068514752325, 2.571428571428571, 0.5069610176813144, 2.714285714285714, 0.494844742356359, 2.8571428571428568, 1.0488974643650502, 3, 1]
[2.964691244477003, 2.526771327488375, 2.209247179708549, 2.03938009502806, 1.9060735573572916, 1.752812301165746, 1.682024231344692, 1.6146775770994404, 1.5764380227238683, 1.5645250274293476]
[3.7223638512425925, 3.253368770085522, 2.932824667535028, 2.581105996885611, 2.3253159516714432, 2.097101268439747, 2.0144564105051743, 1.863605356329856, 1.7428074059317529, 1.7062960443242015]
[4.4525112827148945, 3.926391925414464, 3.4767050458039965, 3.0297461553553275, 2.9955384770933757, 2.5546053748694932, 2.600588988282125, 2.3839076637504992, 2.248992652292517, 2.3866275862841553]
[0.26604196575729322, 0.21809616404710924, 0.21321029242909884, 0.17742463656423263, 0.14978253422619481, 0.089686902456500503, 0.11393419426873433, 0.096544881623312137, 0.073035400107542822, 0.076914168087779733]

3
1.5574603885653828
[0, 3, 0.14285714285714285, 2.5326617372960545, 0.2857142857142857, 1.8581636529260903, 0.42857142857142855, 2.007469437222234, 0.5714285714285714, 1.1255711095292182, 0.7142857142857142, 1.0748338980225096, 0.8571428571428571, 0.7918360961780996, 1.0, 0.2877192228817327, 1.1428571428571428, 0.48687769983299234, 1.2857142857142856, 0.036460187060299964, 1.4285714285714284, 0.11835371339368517, 1.5714285714285714, 0.1329855429141139, 1.7142857142857142, 0.052816822947117203, 1.857142857142857, 0.4053923538009657, 2.0, 0.936280083839927, 2.142857142857143, 0.37810540390707015, 2.2857142857142856, 0.8251223067020462, 2.4285714285714284, 1.1641182101958187, 2.571428571428571, 0.654005845780754, 2.714285714285714, 0.5926055131666585, 2.8571428571428568, 0.6791830457123527, 3, 1]
[2.4198503715733826, 2.2468923588758005, 2.0829056920254274, 1.9417624478353144, 1.9393508435282831, 1.7962690991991437, 1.7748971049904867, 1.6022938862404301, 1.5574603885653828, 1.5574603885653828]
[3.835941514212395, 3.2680024221828217, 2.78396520488247, 2.398845656450119, 2.234152733308231, 2.064884828226328, 1.9904985323690312, 1.9199982595535188, 1.7902280334761411, 1.7769332791829218]
[4.759832555542442, 3.9730644537739854, 3.6276976377908134, 3.135750148885858, 2.904822053998918, 2.483071916719646, 2.62635902607466, 2.5491601304662352, 2.054897702318845, 2.607153480698117]
[0.33624938091690071, 0.31940024423179025, 0.25218248369653817, 0.13061105351625665, 0.11850277210327285, 0.077361849927608001, 0.077212864843887327, 0.083968233820668245, 0.061933165179225459, 0.091735030201178305]

4
1.488879029177873
[0, 3, 0.14285714285714285, 2.2503669296573108, 0.2857142857142857, 0.9166930817663863, 0.42857142857142855, 1.101148572859432, 0.5714285714285714, 1.1209469622263866, 0.7142857142857142, 1.4507678178055796, 0.8571428571428571, 1.5846240183148796, 1.0, 1.0040459963801354, 1.1428571428571428, 0.9544481977080301, 1.2857142857142856, 1.1091386021168295, 1.4285714285714284, 0.7603890248103528, 1.5714285714285714, 0.3410870149225378, 1.7142857142857142, 0.40677475463394885, 1.857142857142857, 0.46194276984462035, 2.0, 0.8087108178351542, 2.142857142857143, 1.0062712323549803, 2.2857142857142856, 1.079468229829492, 2.4285714285714284, 1.0622751406362754, 2.571428571428571, 1.0394906988505834, 2.714285714285714, 1.0097503043989704, 2.8571428571428568, 0.5253134681625173, 3, 1]
[2.728574254002811, 2.1750412145439393, 1.9401015846322014, 1.7677014582690755, 1.619962020590808, 1.6008191077513187, 1.6008191077513187, 1.5020342647168392, 1.5018171268767002, 1.488879029177873]
[3.7385846354674395, 3.082512825896253, 2.672670785558323, 2.3835140220308215, 2.1530187075283553, 1.993192893563087, 1.8838396702571147, 1.7292424392458496, 1.6482326590191467, 1.6155360890035706]
[4.76225402061873, 3.778131537318232, 3.312681563029096, 3.0428247274117783, 2.8067279686306037, 2.6720120269625536, 2.517359847151507, 2.274009993336113, 2.058840584912341, 2.343479771931653]
[0.36727674607675997, 0.23746524657525658, 0.19586981921459901, 0.18296290665347142, 0.13685177426388687, 0.1140402274368449, 0.12639728288562152, 0.0871504704129136, 0.056281102632825965, 0.067019451437968461]

5
1.4776265572447467
[0, 3, 0.14285714285714285, 2.516531044089745, 0.2857142857142857, 2.467449287485139, 0.42857142857142855, 2.273897271866642, 0.5714285714285714, 2.542639253568961, 0.7142857142857142, 1.8168680925000336, 0.8571428571428571, 1.944910432227633, 1.0, 1.6179940821944072, 1.1428571428571428, 1.3931990108391719, 1.2857142857142856, 0.950750973908206, 1.4285714285714284, 0.7988741527493911, 1.5714285714285714, 1.177390586853043, 1.7142857142857142, 1.2344523906898992, 1.857142857142857, 1.2036358016962163, 2.0, 1.3500041028983532, 2.142857142857143, 1.3583190155079106, 2.2857142857142856, 1.0734167292632297, 2.4285714285714284, 0.7295561568051077, 2.571428571428571, 0.3666002708810322, 2.714285714285714, 0.43426475743243254, 2.8571428571428568, 0.3866338960667558, 3, 1]
[2.824703747227845, 2.2697344796039216, 2.0572981093913545, 1.9377243240292348, 1.7514182630319484, 1.6955859282419194, 1.6275165498513116, 1.5695105250794554, 1.5277352239839963, 1.4776265572447467]
[3.7944445683844488, 3.2172663787221523, 2.8709700367437265, 2.446095311006063, 2.2092341043755424, 2.0764164369299594, 1.8996848457745923, 1.7950209051876627, 1.7380131955633926, 1.650691359132342]
[4.895245712780156, 3.969962417043806, 3.48333842850365, 3.001808979904293, 2.6286853468020164, 2.828877624240177, 2.3998726791195657, 2.4010925913995673, 2.388582166397752, 2.0767337750113195]
[0.3266968438496915, 0.24359988393966625, 0.25275108605448038, 0.17920904601777743, 0.1229864023498482, 0.14219407284529681, 0.10630333616740852, 0.094477069690839938, 0.094579042292905216, 0.059136448565598229]

