10
[1.7317248407146233, 1.5645250274293476, 1.5574603885653828, 1.488879029177873, 1.4776265572447467]
[2.657515234107086, 2.313639186753285, 2.06679045730665, 1.9370229206116072, 1.8328356042023277, 1.7415350845294646, 1.7094891960454006, 1.6107357710305894, 1.5841063751319362, 1.564043168626395]
[3.776972390494958, 3.1811141970414685, 2.795968533763177, 2.4445796534730206, 2.233752141105124, 2.080846859823429, 1.9647328025411035, 1.8557229637383674, 1.7696439426635258, 1.7178685925205244]
[4.7328013320155184, 3.9220693839339775, 3.4325409394451554, 3.016874584946436, 2.8259814452802074, 2.688578846344197, 2.5466487390986488, 2.450059623726946, 2.295061970715115, 2.3101860497895723]
[0.34328483310688951, 0.25099071775704618, 0.22231444018143676, 0.15729644370651233, 0.12512832976310945, 0.10962512748670424, 0.099847532200036573, 0.085621712428723892, 0.070998901459083802, 0.068717602056596078]
[0, 3, 0.14285714285714285, 2.516531044089745, 0.2857142857142857, 2.467449287485139, 0.42857142857142855, 2.273897271866642, 0.5714285714285714, 2.542639253568961, 0.7142857142857142, 1.8168680925000336, 0.8571428571428571, 1.944910432227633, 1.0, 1.6179940821944072, 1.1428571428571428, 1.3931990108391719, 1.2857142857142856, 0.950750973908206, 1.4285714285714284, 0.7988741527493911, 1.5714285714285714, 1.177390586853043, 1.7142857142857142, 1.2344523906898992, 1.857142857142857, 1.2036358016962163, 2.0, 1.3500041028983532, 2.142857142857143, 1.3583190155079106, 2.2857142857142856, 1.0734167292632297, 2.4285714285714284, 0.7295561568051077, 2.571428571428571, 0.3666002708810322, 2.714285714285714, 0.43426475743243254, 2.8571428571428568, 0.3866338960667558, 3, 1]

20
[1.4491615525847945, 1.2094664326552882, 1.2543185072390501, 1.3240243132108058, 1.2585895447195998]
[2.657515234107086, 2.313639186753285, 2.06679045730665, 1.9370229206116072, 1.8328356042023277, 1.7415350845294646, 1.7094891960454006, 1.6107357710305894, 1.5841063751319362, 1.564043168626395, 1.4926689467601524, 1.4647901061550905, 1.4561066541691412, 1.4317289252345609, 1.3782514208329046, 1.362569931783649, 1.350319433281411, 1.328346383686536, 1.3174186484519013, 1.2991120700819079]
[3.776972390494958, 3.1811141970414685, 2.795968533763177, 2.4445796534730206, 2.233752141105124, 2.080846859823429, 1.9647328025411035, 1.8557229637383674, 1.7696439426635258, 1.7178685925205244, 1.672460269852688, 1.6484968867964045, 1.5970106247217486, 1.556235160965303, 1.5324000192432021, 1.5046288492833957, 1.4728799289453858, 1.437831074117882, 1.4176917927333699, 1.4164986297753415]
[4.7328013320155184, 3.9220693839339775, 3.4325409394451554, 3.016874584946436, 2.8259814452802074, 2.688578846344197, 2.5466487390986488, 2.450059623726946, 2.295061970715115, 2.3101860497895723, 2.232159990065107, 2.238148854652628, 2.1842209275909745, 2.1879310657059947, 2.1823106932511283, 2.099604969544489, 2.04529311211324, 2.044092704320939, 2.0381963538176344, 2.119882308069986]
[0.34328483310688951, 0.25099071775704618, 0.22231444018143676, 0.15729644370651233, 0.12512832976310945, 0.10962512748670424, 0.099847532200036573, 0.085621712428723892, 0.070998901459083802, 0.068717602056596078, 0.067350537296391663, 0.078258739355354767, 0.068566829053619688, 0.063744021249286992, 0.063649187055624751, 0.059567234180960951, 0.064552913232827372, 0.057467537957290184, 0.053644120620788716, 0.06673403561490561]
[0, 3, 0.14285714285714285, 2.4938857138153203, 0.2857142857142857, 2.044065676885429, 0.42857142857142855, 1.7823404688629962, 0.5714285714285714, 1.6751063402568156, 0.7142857142857142, 1.5772936773138557, 0.8571428571428571, 1.5134853553013898, 1.0, 1.161033505822449, 1.1428571428571428, 0.6901059653673787, 1.2857142857142856, 0.7599352681140441, 1.4285714285714284, 0.9666646894019859, 1.5714285714285714, 1.2112405847212298, 1.7142857142857142, 1.187272106616216, 1.857142857142857, 1.0796917762417229, 2.0, 0.7920515751658781, 2.142857142857143, 0.7063409812455592, 2.2857142857142856, 0.7070349876572455, 2.4285714285714284, 0.5834068514752325, 2.571428571428571, 0.5069610176813144, 2.714285714285714, 0.494844742356359, 2.8571428571428568, 1.0488974643650502, 3, 1]

